00501503
00966880
00967570
01011498
01011808
01013144
01014093
01016796
01019219
01023831
01031071
01060820
01107297
01176152
01180613
01508949
01603129
01801726
01802247
01891206
02276279
02612701
02717206
02750963
02931655
03074716
03077208
03084741
03088704
03088802
03089008
03098908
03101946
03178418
03213392
03251108
03374306
03374707
03374805
03385401
03407600
03436008
03458403
03458902
03474311
03489200
03522600
03527507
03553737
03557017
03557311
03558206
03559508
03560218
03568400
03571138
03626801
03700301
03702700
03702716
03705903
03707901
03709008
03722109
03722403
03722500
03723402
03724606
03729807
03734246
03734301
03735202
03736201
03742301
03748109
03748403
03750168
03763608
03772402
03782008
03791506
03791800
03793407
03795904
03799802
03807654
03811209
03812404
03932533
04016004
04121717
04122949
04125988
04126516
04127873
04131834
04132290
04138082
04138484
04139272
04140685
04144198
04151015
04170821
04172089
04177036
04189271
04189390
04193850
04208592
04212250
04226091
04226199
04226986
04231910
04242698
04243562
04322046
04356994
04359789
04370927
04383578
04388145
04393941
04401392
04403672
04421670
04422501
04435127
04465521
04476652
04483957
04488398
04541302
04613157
04674153
04701378
04705536
04735004
04742997
04747796
04748660
04753380
04812016
04822871
04875969
04926876
04934334
04944924
04964250
04967550
05012574
05027112
05052322
05059660
05072925
05076416
05098827
05125015
05134324
05155853
05259392
05486278
05591454
05600361
05637971
05914715
05988413
06195262
06313774
06391692
07140104
07147916
07155339
07220508
07305105
07435515
07618057
07620878
07630833
07645218
07887361
07927743
08031174
08149429
08152795
08153719
08318091
09461025
09461448
09884093
10635951
10739132
10927280
11026506
11039306
11072509
11085292
11130705
11167126
11238038
11328755
11332202
11350411
11384708
11384806
11456006
11456110
11529802
11551634
11569326
11821341
11832971
11833655
11893415
11907311
11914002
11916803
11917107
11917900
11919506
11921708
11941057
12100285
12122984
12137902
12138114
12144066
12144404
12156196
12177592
12185158
12194656
12195466
12200469
12207266
12211183
12223097
12223723
12232981
12233428
12258882
12261768
12268122
12268241
12273716
12276447
12278439
12278590
12304443
12306385
12309073
12314224
12326930
12332594
12341051
12362843
12368733
12369971
12377727
12390496
12397982
12401698
12402042
12403422
12486062
12488060
12488189
12490306
12520441
12526521
12526607
12549411
12552702
12561081
12564904
12606952
12610506
12613567
12614783
12619936
12626866
12642444
12651978
12664093
12681706
12684366
12686126
12688172
12694701
12725866
12738623
12773629
12800061
12800219
12800225
12800273
12800294
12800392
12800533
12800554
12800739
12800766
12800885
12800935
12828053
12846708
12854988
12858252
12861019
12867581
12868358
12873063
12883169
12887215
12894840
12898395
12901841
12905993
12907747
12927477
12931541
12937828
12942625
12946185
12951573
12956063
12959174
12974421
12980325
12987191
12991408
12997819
13000812
13049054
13060389
13082927
13111438
13114414
13123949
13143348
13145774
13166691
13182926
13923793
14012061
14013934
14033663
14057995
14076058
14101850
14931048
15024509
15357702
15395706
15458455
15648033
15649477
15861694
15879575
16081507
16082267
16084960
16085721
16085763
16087713
16091527
16092568
16095002
16099112
16101031
16130009
16130084
16130280
16130330
16130388
16130465
16130514
16130535
16130599
16130850
16130970
16136828
16138282
16146500
16152100
16164416
16177186
16177616
16180149
16196509
16198345
16217975
16238655
16252902
16260305
16265929
16271936
16284926
16299879
16310023
16313696
16328396
16342777
16362197
16370443
16372688
16382617
16394819
16400349
16428796
16431568
16432460
16432742
16433587
16435065
16439219
16439631
16439718
16440291
16441469
16444732
16444959
16447610
16447772
16450558
16450993
16451445
16456841
16491312
16499362
16519402
16527682
16547744
16549778
16549813
16553484
16584326
16587576
16596982
16604940
16618233
16633261
16636181
16638110
16638337
16640848
16657071
16657495
16657967
16661809
16672881
16708380
16713004
16729477
16740311
16741846
16741894
16742182
16743653
16745104
16745322
16745630
16748101
16748600
16749811
16753440
16759388
16767325
16776387
16784078
16795238
16795912
16816888
16818703
16822903
16836218
16836337
16836505
16839221
16840487
16841958
16849332
16850040
16861736
16870474
16873536
16877913
16909703
16913880
16920072
16945166
16950414
16962925
16966252
16979192
16990886
16999508
16999599
17140223
17144190
17153628
17154339
17600823
17713214
18030266
18120533
1848835
18488735
18576603
18868215
19004316
19084015
19085400
19311588
19325632
19330993
19343462
19683911
19880949
20563007
20740427
20744036
20759430
20765242
20765714
20768310
20774621
20792640
20816452
20817282
20822089
20828062
20828393
20844865
20868021
20877696
20889546
20891326
20922101
20930616
20937701
20939790
20946791
20947969
20982120
20997453
20999072
21204867
21222725
21230513
21242638
21245516
21259356
21259656
22000216
22000813
22006020
22048056
22049169
22050539
22051761
22059031
22059980
22085312
22099110
22099131
22099189
22099218
22099456
22099478
22099505
22099532
22099548
22099603
22099646
22099694
22099738
22099836
22099890
22099907
22099955
22099982
22100398
22100405
22100469
22101002
22101116
22101208
22101684
22101811
22102023
22102213
22102327
22102494
22102699
22145016
22153346
22155674
22178368
22195423
22196062
22202901
22213870
22223510
22224692
22230202
22239597
22248651
22272103
22276852
22282502
22306125
22306650
22308453
22314265
22314526
22318678
22318749
22319037
22320442
22325002
22325565
22332340
22337014
22353858
22365756
22378210
22387885
22419113
22422911
22424220
22428226
22438532
22446717
22470814
22475260
22485794
22488639
22488785
22507241
22522215
22522313
22522361
22522453
22522876
22532826
22554807
22567970
22569800
22570476
22575850
22610435
22616509
22617253
22619999
22626083
22635246
22658704
22661546
22662377
22662545
22671299
22702791
22705087
22710053
22717605
22723108
22729784
22743619
22746550
22749711
22753502
22763923
22771229
22777167
22780043
22793336
22795587
22803658
22817273
22822281
22853565
22853713
22854522
22854683
22857083
22859316
22871629
22880373
22900455
22911066
22911832
22918336
22923746
22951931
22956035
22956181
22957301
22957962
22970070
22993144
22994919
22997697
23012252
23033334
23039920
23060205
23060227
23060248
23060514
23060795
23063420
23065258
23070442
23076430
23107476
23113343
23113364
23113940
23115308
23123644
23145632
23152443
23155639
23167446
23167728
23167781
23186416
23218183
23219346
23219388
23221384
23222763
23224050
23224538
23225071
23225712
23226260
23237344
23243578
23253414
23282277
23285106
23285289
23290121
23310983
23311033
23339709
23357403
23357868
23362519
23384788
23413539
23413799
23416579
23416851
23424780
23438530
23444575
23475561
23492169
23503047
23504361
23519126
23525008
23525730
23525859
23527104
23527441
23528130
23528309
23528693
23529362
23534251
23534301
23534956
23535174
23535435
23535744
23538073
23542766
23556563
23573774
23589229
23609668
23611974
23620951
23621614
23632773
23635912
23638777
23639327
23640801
23655753
23700883
23734841
23740225
23740512
23744186
23810592
23821182
23823301
23824511
23826200
23827974
23830295
23851431
23872858
23883150
23894430
23903228
23928467
23929141
23929515
23930386
23930512
23930695
23940096
23942469
23983947
23984925
23991881
24004006
24157564
24203645
24228174
24237954
24246617
24256353
24278309
24284436
24291817
24304989
24314234
24315450
24317990
24320290
24322754
24324649
24329193
24330115
24333226
24334512
24336954
24338670
24342365
24345454
24347447
24349183
24361377
24369743
24373514
24385440
24396740
24400857
24405425
24410807
24412024
24412609
24433392
24440128
24453100
24456802
24461404
24463162
24463888
24464943
24471156
24484949
24489613
24493763
24523605
24523794
24528593
24537283
24538059
24542080
24542716
24545262
24548079
24552538
24559315
24560100
24560827
24561207
24566673
24567125
24570542
24570682
24573077
24577741
24604851
24633119
24635910
24655041
24662676
24667237
24689008
24694620
24712893
24721507
24722843
24729212
24742480
24743679
24758118
24764131
24765954
24786395
24786917
24796400
24799238
24800951
24801059
24805935
24809123
24835939
24858947
24861231
24881813
24882968
24896576
24933782
24940361
24951606
24962955
24969958
24970081
24973165
24976640
24990122
25001104
25008649
25017470
25023439
25028357
25035006
25038088
25039170
25041669
25053502
25071641
25080402
25089419
25090318
25098389
25099079
25103756
25113494
25114120
25118857
25132942
25140767
25142505
25154207
25167385
25170425
25187642
25189120
25689194
26036257
26157815
26171443
26397391
26548779
26669323
26708183
26895067
27153160
27202660
27206146
27212724
27231779
27237696
27243276
27246082
27246098
27260204
27270744
27293916
27306047
27313997
27321531
27325467
27331691
27332220
27345409
27348877
27358810
27375389
27393984
27446933
27473348
27536337
27549558
27557965
27558248
27563734
27564163
27565769
27571137
27577420
27580987
27591112
27611665
27619435
27624514
27629314
27679496
27699704
27714536
27721712
27728428
27731057
27731084
27734738
27737101
27739564
27740788
27743498
27745622
27757133
27761501
27763753
27771108
27782484
27790294
27799393
27808077
27818912
27843150
27843412
27850200
27854867
27877550
27877756
27930773
27932239
27935073
27935708
27950876
27954556
27958906
27961992
27964549
27975074
27983551
27992931
28002747
28006928
28007715
28029295
28040138
28041501
28045871
28060062
28064644
28069900
28112364
28112596
28112646
28112667
28112694
28112723
28112890
28112977
28113005
28113027
28113363
28113461
28113650
28114291
28114356
28179688
28180361
28182234
28184296
28190971
28200747
28200789
28204363
28224797
28230046
28291893
28294961
28316992
28320763
28324634
28327652
28357108
28382444
28388897
28403068
28404334
28409984
28411829
28412550
28414157
28414369
28417247
28425252
28425416
28428363
28429031
28434169
28439919
28451764
28452074
28469238
28470426
28474393
28483484
28489678
28492934
28494399
28516801
28516838
28573598
28574371
28583218
28590301
28594691
28609456
28640029
28674272
28675048
28675574
28676378
28676980
28682266
28684601
28689155
28696141
28733315
28736447
28750159
28751690
28773863
28793447
28815435
28821915
28825911
28827360
28833623
28834030
28836543
28842658
28844184
28851375
28853599
28862555
28869017
28877564
28877620
28877776
28891989
28919500
28921338
28922174
28924399
28928536
28936894
28947082
28950255
28973932
28974279
28982926
28983663
28984810
28990714
28991214
28994042
28997300
28999686
29024874
29031410
29038146
29044837
29045104
29045131
29066374
29070779
29070905
29072278
29074233
29099017
29107305
29125676
29134892
29141319
29160666
29161264
29162550
29167921
29168843
29182508
29184442
29184702
29185049
29186321
29902605
29902611
29903203
30414175
30435973
30813166
30813829
30821362
30878126
30878408
30897480
30901647
30921876
30925562
30929883
30939849
30965487
30969364
30974253
31083960
31109687
31323259
31935238
31939543
31951996
33029464
33030758
33064145
33284077
33385300
33503030
33503708
33503910
33659498
33838628
33858118
33923363
34005519
34051920
34187264
34284955
34286449
34389183
34452164
34461826
34482414
34501849
34516147
34762457
34899593
35192807
35262401
35348007
35412204
35501016
35501091
35701534
35701598
35860547
35866232
35878589
35891957
35966577
35977244
35977856
36049822
36075449
36093734
36096704
36319304
36360197
36901617
36976428
37300900
37301008
38019280
38201034
38426929
38524941
38579656
39054405
39607700
39849720
39881283
40095734
40401902
41110776
41135729
42003541
42042734
42204097
42305264
42583647
42588306
42612621
42620925
42626977
42632366
42641528
42643271
42659218
42672704
42714824
42761760
42785215
42821900
42839704
42855252
42855963
42856576
42884159
42945830
42952183
42963610
42987372
43125162
43155806
43199950
43211700
43238308
43245671
43295237
43408984
43639417
43642383
43680739
43686543
43706702
43787872
43822054
43869141
43870484
43903719
43938484
43947977
44520211
44549792
44882516
44947291
45002502
45002550
45002806
45002910
45002931
45024822
45028236
45049886
45118285
45485578
45592541
45885482
45911340
46298200
46479103
46617106
46801068
46802708
46804311
46804706
46804804
46804810
47066452
47104168
47123432
47217677
47224065
47255708
47255947
47297242
47299902
47299918
47423487
48697111
48752401
48902416
49502521
49508829
50015582
50531334
50591629
50762502
50819147
50840205
50861989
50903708
50989971
51006301
51008069
51321357
51608205
51957603
52000403
52004800
52005408
52005505
52006700
52006808
52007004
52010303
52010606
52024101
52257065
52260152
52307500
52308347
52339496
52375605
52483175
52490577
52541739
52572789
52586828
52634602
52673111
52784171
52801729
52858476
52886780
52928873
53001154
53003879
53006931
53009228
53014138
53015143
53016522
53017509
53018303
53020666
53021481
53023050
53023333
53026280
53053602
53077689
53088026
53088790
53088877
53089290
53089904
53091900
53093421
53099620
53100892
53108732
53116310
53116331
53121904
53125710
53131059
53131656
53138525
53151792
53152440
53173846
53179074
53186146
53191210
53201266
53203200
53207705
53222001
53226055
53226196
53226581
53226920
53242203
53246398
53251785
53260969
53263065
53270191
53272091
53273134
53286911
53297656
53321059
53321488
53323726
53324247
53335785
53336314
53342462
53347451
53351150
53352812
53353657
53366230
53378025
53380177
53382098
53386637
53393601
53411523
53415318
53433580
53475933
53477159
53488162
53492406
53496938
53501398
53505802
53519989
53527123
53528973
53531597
53548210
53553867
53556652
53562417
53563491
53563942
53566053
53571767
53575145
53596009
53604768
53620535
53622554
53624188
53626046
53628570
53651425
53653872
53653958
53654823
53657568
53662056
53665693
53669939
53672603
53673862
53716270
53716721
53730483
53741469
53755548
53757193
53760789
53764069
53768516
53773834
53784092
53803133
53805857
53833333
53835304
53843830
53875662
53876352
53885351
53887436
53892156
53892395
53902020
53911941
53922383
53927275
53935562
53938293
53951979
53961511
53977324
53978718
53980778
53984747
53988700
53995224
54001857
54006754
54022396
54038186
54043097
54063109
54093069
54095735
54098917
54098959
54100569
54101764
54121918
54127384
54130584
54137926
54138039
54150878
54162396
54166055
54166891
54167168
54170142
54170425
54174528
54176912
54179657
54183907
54221986
54223350
54233913
54263063
54274907
54278586
54279620
54305182
54310122
54317096
54317103
54321232
54321459
54325429
54326481
54332049
54339535
54339872
54341722
54353402
54357168
54358835
54368593
54369592
54387162
54389099
54391594
54393158
54393832
54397181
54510775
54554610
54562029
54595817
54624783
54648808
54650959
54651541
54654842
54658896
54660204
54665545
54671835
54672285
54675699
54685520
54693514
54697413
54700509
54705928
54717939
54758473
54766017
54773489
54773930
54787322
54801886
54822849
54830432
54837343
54839285
54857993
54870709
54873179
54882418
54954518
54965249
54976301
54978075
54993688
55051523
55507404
55625676
55626942
55637342
55738290
55759180
55790751
55828460
55857746
55860876
55876526
55891961
55902881
55912488
55918856
55921894
55982771
55986684
55991080
55991201
56054251
56065601
56153007
56192901
56355828
56503102
56609668
56662635
56690647
57301337
58
58003997
58090015
58246306
58303609
58650902
58711014
58813808
58815502
59021543
59037881
59043758
59244777
59326263
59362767
59372408
59504506
60206961
60266257
60269873
60281454
61604220
61781463
61820901
61904541
61918572
61940764
61943713
64967512
65517107
66003680
66334871
66338721
66412545
66450435
66481177
66510503
66534998
66570608
66651496
66654986
66873167
67929512
68035907
68072000
68076202
68326665
68333357
68339681
68387705
68770700
68774889
68921101
68928408
69060919
69102404
69115905
69115908
69275313
69377281
69428227
69594415
69610344
69655215
69732249
69747165
69752791
69762427
69764396
69765120
69789684
69814136
69845314
69905810
70356812
70360766
70372411
70374781
70382706
70385149
70388271
70405118
70453835
70458352
70462617
70479455
70479912
70498018
70499781
70505833
70506360
70507157
70526133
70532254
70540064
70541649
70541752
70557655
70566802
70566970
70573368
70574129
70575324
70604376
70605657
70626771
70637200
70642457
70654116
70686876
70711910
70721522
70729571
70730347
70731423
70745361
70746615
70747488
70750201
70752257
70753158
70760897
70761994
70763944
70768835
70771579
70772036
70772633
70776899
70783202
70784292
70791456
70793047
70795143
70799128
70811495
70812945
70815534
70817744
70823268
70824858
70826461
70827383
70827406
70830599
70835784
70836411
70847851
70848177
70848839
70848850
70849078
70849181
72004856
72976985
73048184
73251209
73502016
73502108
73502304
73502634
73632496
73715670
73735839
73765919
73766558
73766591
73766608
73766614
73810127
73988307
74229304
74231126
74805158
75195800
75339004
75370905
75514419
75689304
75708007
75970680
76001900
76014004
76014406
76025017
76027628
76211194
76306972
76382915
76470282
76477193
76777369
76905744
76942327
76942403
76947982
77128960
77187931
77217652
77253376
77974590
78211332
78951384
78963987
79138401
79828898
79883646
79959602
79970965
79972112
79979184
79983949
80026312
80031413
80040996
80064027
80072883
80083798
80120267
80137767
80148130
80148407
80150711
80152632
80152838
80157192
80168682
80170651
80180877
80183889
80187652
80205173
80245631
80254357
80262899
80264691
80266396
80272572
80279759
80285106
80296700
80299360
80302702
80310225
80320315
80328219
80331143
80333825
80342958
80347834
80349333
80352673
80352771
80355756
80356468
80357874
80366000
80384909
80391373
80392350
80402738
80412861
80415092
80416727
80420546
80433079
80436287
80445552
80456537
80464972
80472781
80481487
80482107
80489333
80502743
80516459
80532726
80538221
80539426
80543884
80548184
80551069
80567288
80567359
80574062
80579382
80581850
80585785
80587448
80601119
80611545
80617029
80635407
80638811
80639760
80643455
80643477
80646713
80651969
80652539
80652806
80661880
80671698
80678995
80690203
80703191
80710658
80713374
80725596
80741441
80778283
80778299
81116591
81224515
81448796
81464351
81582929
81771007
82782087
82817500
82874473
82902153
82922215
82947004
82952765
82956832
82966944
83047184
83053951
83167390
83172154
83188521
83202930
83226341
83257575
83279819
83300307
83305062
83387850
83428825
83432172
83446817
83477938
83492945
83524334
83566397
83614428
83638890
83746342
83912382
83923347
84118094
84119663
84124259
84126144
84132130
84143679
84149054
84149060
84149126
84149224
84149245
84149272
84149358
84149385
84149408
84149717
84149738
84149786
84149884
84149955
84149961
84153795
84167600
84177282
84207504
84252850
84253350
84274833
84287555
84291468
84302177
84306146
84307927
84308658
84308806
84309278
84310922
84377839
84393388
84401893
84445772
84445935
84462883
84468893
84473018
84478631
84560006
84569908
84598349
84604166
84608389
84642915
84646601
84711320
84746799
84754072
84778623
84780867
84819223
84846018
84846066
84893623
84895663
84897206
84900045
84900645
84901187
84906079
84906514
84916484
84943258
84965148
85004174
85017967
85038858
85061956
85066002
85078062
85081685
85087750
85088759
85098433
85500287
85814652
85841102
86001464
86033727
86096047
86122164
86123213
86124395
86126696
86131733
86194743
86244737
86255298
86278243
86283843
86304782
86306206
86311496
86321351
86332422
86338523
86362776
86367532
86368434
86372943
86379447
86379707
86383370
86383651
86384477
86384764
86384949
86384954
86386073
86386334
86412635
86427813
86451812
86483504
86489253
86490195
86498921
86517384
86519539
86521351
86521704
86522210
86532300
86534996
86542829
86546254
86620351
86624764
86641757
86685142
86690573
86691968
86704393
86706961
86729057
86731791
86735240
86768240
86789218
86834614
86841782
86870786
86892402
86892732
86908024
86924447
86926677
86928788
86966760
86980046
86985605
87712738
87899966
87900886
88120872
88178677
88601035
88744414
89004161
89004731
89100002
89206602
89209994
89238750
89261528
89261652
89293583
89294794
89308663
89323361
89325570
89329007
89352920
89374121
89390109
89390656
89391368
89391748
89395287
89396194
89397362
89397503
89401437
89403054
89405406
89407404
89438820
89441249
89441374
89472045
89472333
89475205
89510890
89511027
89542865
89582325
89587362
89593343
89606494
89627505
89628552
89647050
89660813
89668076
89751503
89761328
89798198
89845410
89875862
89884031
89884975
89886066
89911608
89917194
89948345
89953352
89953557
89983095
90531991
90689423
90775763
91004103
91963291
92019239
92021164
92022451
92861856
94025264
94998251
96865657
96912835
96920595
96922622
96934471
96952358
96963502
96965874
96969724
96970898
96971313
96972164
96972256
96972431
96973662
96974352
96978630
96979933
96979960
96985421
97042940
97049373
97084461
97090920
97097825
97107859
97125343
97160609
97163970
97165180
97169833
97172540
97172648
97175005
97175737
97176399
97178328
97178376
97179403
97179430
97190131
97226519
97257738
97266342
97272386
97283784
97285827
97295043
97304042
97305703
97311466
97319072
97321598
97330127
97331723
97394331
97404268
97410199
97413668
97413843
97419282
97430131
97432742
97438464
97440102
97440721
97440932
97454724
97461078
97491093
97532545
97545210
97557600
97586507
97983365
98274518
98639995
98905310
99024356
99175059
99328739
99330539
99426513